28.4594965 77.0266383 Gurgaon 100.0
19.0759837 72.8776559 Mumbai 81.0135617416
28.5355161 77.3910265 Noida 80.6566738044
28.6139391 77.2090212 Delhi 79.0149892934
18.5204303 73.8567437 Pune 65.3818700928
12.9715987 77.5945627 Bangalore 62.7408993576
30.7204507 76.7669704 Chandigarh 57.4589578872
19.1943294 72.9701779 Thane 56.0314061385
26.917 75.817 Jaipur 53.2476802284
15.2993265 74.12399599999999 Goa 52.1770164168
22.572646 88.36389500000001 Kolkata 50.892219843
23.022505 72.5713621 Ahmedabad 49.2505353319
13.0826802 80.2707184 Chennai 48.4653818701
22.7195687 75.8577258 Indore 47.3947180585
21.1702401 72.83106070000001 Surat 46.5381870093
26.8466937 80.94616599999999 Lucknow 43.8258386867
21.1444307 79.0798136 Nagpur 42.5410421128
25.5940947 85.1375645 Patna 40.1142041399
17.385044 78.486671 Hyderabad 38.9007851535
23.5 77.416667 Bhopal 35.0463954318
22.3071588 73.1812187 Vadodara 33.119200571
12.9141417 74.8559568 Mangalore 31.5488936474
11.0168445 76.9558321 Coimbatore 30.835117773
26.147129 91.7355511 Guwahati 29.693076374
20.2960587 85.8245398 Bhubaneswar 29.693076374
17.6868159 83.2184815 Visakhapatnam 25.9100642398
9.9312328 76.26730409999999 Kochi,25.3390435403
12.3051828 76.6553609 Mysore 20.8422555318
19.0330488 73.0296625 NaviMumbai 12.9193433262
8.5241391 76.9366376 Thiruvananthapuram 0.0








		   